KATS CLUSTER A SMALL REVIEW REPORT
========================================================================

MAIN BENCHMARK RESULTS
      dataset        model  RecallH_mean  RecallH_sd  PrecH_mean  PrecH_sd  F1H_mean   F1H_sd  MacroF1_mean  MacroF1_sd  Kappa_mean  Kappa_sd  Brier_mean  Brier_sd  ECE_mean   ECE_sd  PRAUC_High_mean  PRAUC_High_sd  FP_High_mean  FP_High_sd  FN_High_mean  FN_High_sd
   CICIDS2017   BalancedRF      0.990071    0.002832    0.986643  0.002617  0.988350 0.001708      0.992838    0.000382    0.987872  0.001241    0.002904  0.000102  0.010374 0.000567         0.999131       0.000344          20.8    4.147288          15.4    4.393177
   CICIDS2017         KATS      0.934365    0.003715    0.269620  0.007000  0.418438 0.008280      0.541140    0.009487    0.286496  0.010839    0.141646  0.003068  0.243620 0.009938         0.878850       0.009889        3928.8  144.215811         101.8    5.761944
   CICIDS2017     LightGBM      0.997937    0.002008    0.993327  0.001320  0.995625 0.001153      0.995787    0.001095    0.994452  0.001121    0.000892  0.000170  0.000964 0.000206         0.999825       0.000091          10.4    2.073644           3.2    3.114482
   CICIDS2017       LogReg      0.968536    0.004725    0.720368  0.009730  0.826192 0.007104      0.848816    0.002800    0.778069  0.005884    0.034061  0.000649  0.049170 0.001560         0.965778       0.003511         583.4   27.933850          48.8    7.328028
   CICIDS2017          MLP      0.959123    0.016276    0.981508  0.007657  0.970087 0.006774      0.965979    0.022825    0.955916  0.020268    0.006739  0.002888  0.004381 0.001409         0.994649       0.002311          28.2   12.255611          63.4   25.244801
   CICIDS2017   NaiveBayes      0.000000    0.000000    0.000000  0.000000  0.000000 0.000000      0.302600    0.000000    0.000000  0.000000    0.066783  0.000472  0.026424 0.001406         0.627030       0.008815           0.0    0.000000        1551.0    0.000000
   CICIDS2017 RandomForest      0.988910    0.002674    0.996621  0.001409  0.992750 0.001800      0.993789    0.000449    0.991208  0.001072    0.001369  0.000152  0.001747 0.000344         0.999653       0.000174           5.2    2.167948          17.2    4.147288
   CICIDS2017      XGBoost      0.996132    0.001368    0.996006  0.001658  0.996067 0.000834      0.996327    0.000917    0.995133  0.000835    0.000782  0.000110  0.000600 0.000133         0.999861       0.000079           6.2    2.588436           6.0    2.121320
GoogleCluster   BalancedRF      0.999177    0.000181    0.998486  0.000507  0.998832 0.000328      0.999112    0.000266    0.998600  0.000393    0.000758  0.000098  0.003236 0.000065         0.999993       0.000004           7.0    2.345208           3.8    0.836660
GoogleCluster         KATS      0.999351    0.000265    0.998659  0.000355  0.999005 0.000234      0.999224    0.000179    0.998808  0.000281    0.000417  0.000106  0.000566 0.000078         0.999978       0.000027           6.2    1.643168           3.0    1.224745
GoogleCluster     LightGBM      0.999177    0.000387    0.998659  0.000281  0.998918 0.000171      0.999161    0.000182    0.998678  0.000249    0.000483  0.000097  0.000447 0.000099         0.999964       0.000023           6.2    1.303840           3.8    1.788854
GoogleCluster       LogReg      0.913853    0.007633    0.906559  0.005446  0.910163 0.003370      0.914490    0.003750    0.877445  0.005173    0.041426  0.001468  0.029792 0.001595         0.968019       0.001433         435.4   29.787581         398.0   35.263295
GoogleCluster          MLP      0.995238    0.001778    0.995500  0.001931  0.995367 0.001175      0.996052    0.001282    0.993986  0.001662    0.002395  0.000738  0.002084 0.000674         0.999383       0.000236          20.8    8.983318          22.0    8.215838
GoogleCluster   NaiveBayes      0.834935    0.003169    0.919786  0.011428  0.875271 0.004531      0.861815    0.006263    0.807572  0.008737    0.062566  0.001761  0.026279 0.001859         0.924740       0.003651         337.0   52.692504         762.6   14.638989
GoogleCluster RandomForest      0.999437    0.000119    0.998875  0.000492  0.999156 0.000208      0.999361    0.000173    0.998989  0.000249    0.000557  0.000066  0.002313 0.000118         0.999995       0.000002           5.2    2.280351           2.6    0.547723
GoogleCluster      XGBoost      0.999004    0.000328    0.998313  0.000468  0.998658 0.000196      0.998939    0.000146    0.998315  0.000242    0.000613  0.000091  0.000890 0.000109         0.999955       0.000030           7.8    2.167948           4.6    1.516575
   ITIncident   BalancedRF      0.630882    0.030495    0.108466  0.002063  0.185034 0.002343      0.373107    0.005946    0.110392  0.005791    0.147557  0.002895  0.273929 0.004655         0.232166       0.032533         705.8   43.877101          50.2    4.147288
   ITIncident         KATS      0.942647    0.024608    0.042903  0.001388  0.082066 0.002546      0.219156    0.009508    0.036109  0.002848    0.305069  0.007070  0.447701 0.006132         0.162749       0.025553        2862.4  121.283964           7.8    3.346640
   ITIncident     LightGBM      0.727941    0.036395    0.088491  0.005661  0.157730 0.009069      0.358562    0.007665    0.102722  0.006051    0.163591  0.005630  0.259553 0.006943         0.219212       0.022707        1022.8   76.535613          37.0    4.949747
   ITIncident       LogReg      0.460294    0.045505    0.045924  0.002799  0.083497 0.005251      0.245052    0.014967    0.029404  0.004099    0.219636  0.001438  0.394947 0.001763         0.041294       0.001165        1299.2   74.482884          73.4    6.188699
   ITIncident          MLP      0.000000    0.000000    0.000000  0.000000  0.000000 0.000000      0.325021    0.003828    0.002610  0.005836    0.036646  0.000632  0.004441 0.002831         0.066355       0.021035           0.0    0.000000         136.0    0.000000
   ITIncident   NaiveBayes      0.000000    0.000000    0.000000  0.000000  0.000000 0.000000      0.323310    0.000000    0.000000  0.000000    0.036822  0.000080  0.000552 0.000215         0.048145       0.002070           0.0    0.000000         136.0    0.000000
   ITIncident RandomForest      0.151471    0.018456    0.363039  0.073536  0.213153 0.029951      0.436719    0.016072    0.131086  0.022970    0.055332  0.001740  0.058250 0.002052         0.215765       0.035921          37.2    9.011104         115.4    2.509980
   ITIncident      XGBoost      0.097059    0.012082    0.654799  0.144053  0.168798 0.022879      0.448886    0.018368    0.179984  0.027787    0.032068  0.000707  0.006140 0.001252         0.275642       0.037738           7.4    4.037326         122.8    1.643168
   MultiCloud   BalancedRF      0.328223    0.025459    0.313425  0.008943  0.320208 0.013290      0.311087    0.033138   -0.033458  0.049346    0.233435  0.003040  0.095377 0.007434         0.340405       0.021263          47.8    4.438468          44.6    1.516575
   MultiCloud         KATS      0.418725    0.091445    0.348550  0.022368  0.377569 0.045735      0.361777    0.017830    0.049043  0.022116    0.220720  0.002335  0.044145 0.005261         0.378334       0.028465          51.8    9.833616          38.6    6.107373
   MultiCloud     LightGBM      0.334419    0.039949    0.310311  0.041892  0.321662 0.039637      0.311563    0.024928   -0.031945  0.037490    0.271562  0.002758  0.192775 0.011963         0.338302       0.026606          49.6    5.224940          44.2    2.774887
   MultiCloud       LogReg      0.481999    0.073220    0.360530  0.028429  0.411534 0.041923      0.354916    0.027120    0.043181  0.041095    0.219606  0.002720  0.034823 0.004712         0.377082       0.030309          56.6    6.107373          34.4    4.929503
   MultiCloud          MLP      0.369742    0.185280    0.309266  0.070730  0.327944 0.115357      0.331724    0.057682    0.014064  0.090705    0.220638  0.002186  0.025060 0.017586         0.357667       0.038412          51.8   18.512158          41.8   12.111978
   MultiCloud   NaiveBayes      0.547897    0.077289    0.352545  0.023650  0.425871 0.016512      0.343290    0.039496    0.040371  0.040012    0.220659  0.002693  0.029054 0.006218         0.357083       0.019344          67.8   15.319922          30.0    5.000000
   MultiCloud RandomForest      0.343555    0.036283    0.321347  0.035695  0.331600 0.032717      0.318212    0.028797   -0.021293  0.042135    0.233099  0.004923  0.091900 0.012586         0.346002       0.017864          48.4    5.458938          43.6    2.701851
   MultiCloud      XGBoost      0.328449    0.030762    0.315236  0.032351  0.321366 0.029779      0.318272    0.032121   -0.021580  0.048359    0.272817  0.004723  0.186604 0.017484         0.312972       0.015170          47.6    5.366563          44.6    2.302173

========================================================================
TEMPORAL ITINCIDENT SUMMARY
 train_fraction    model  RecallH_mean  RecallH_sd  PrecH_mean  PrecH_sd  F1H_mean   F1H_sd  MacroF1_mean  MacroF1_sd  Kappa_mean  Kappa_sd  Brier_mean  Brier_sd  ECE_mean   ECE_sd  PRAUC_High_mean  PRAUC_High_sd  FP_High_mean  FP_High_sd  FN_High_mean  FN_High_sd
            0.6     KATS      0.978102    0.007299    0.036273  0.001613  0.069950 0.003019      0.155217    0.007579    0.016919  0.002414    0.311914  0.001087  0.455708 0.000940         0.103022       0.002946   7128.666667  280.328973      6.000000    2.000000
            0.6 LightGBM      0.631387    0.000000    0.091777  0.000000  0.160259 0.000000      0.323387    0.000000    0.045122  0.000000    0.159425  0.000000  0.248594 0.000000         0.137201       0.000000   1712.000000    0.000000    101.000000    0.000000
            0.6   LogReg      0.416058    0.000000    0.050442  0.000000  0.089976 0.000000      0.313731    0.000000    0.024475  0.000000    0.193245  0.000000  0.368164 0.000000         0.039940       0.000000   2146.000000    0.000000    160.000000    0.000000
            0.7     KATS      0.943639    0.012158    0.042660  0.002566  0.081619 0.004671      0.222070    0.009279    0.020441  0.004848    0.301020  0.002954  0.443081 0.002932         0.102715       0.000878   4396.666667  330.439606     11.666667    2.516611
            0.7 LightGBM      0.685990    0.000000    0.085234  0.000000  0.151628 0.000000      0.374060    0.000000    0.109944  0.000000    0.163542  0.000000  0.256891 0.000000         0.160622       0.000000   1524.000000    0.000000     65.000000    0.000000
            0.7   LogReg      0.434783    0.000000    0.050139  0.000000  0.089910 0.000000      0.309797    0.000000    0.022354  0.000000    0.198323  0.000000  0.370229 0.000000         0.040846       0.000000   1705.000000    0.000000    117.000000    0.000000
            0.8     KATS      0.963768    0.014493    0.046104  0.001795  0.087994 0.003280      0.209195    0.010631    0.023141  0.000944    0.305546  0.001775  0.450714 0.001809         0.120062       0.002315   2754.666667  118.593142      5.000000    2.000000
            0.8 LightGBM      0.753623    0.000000    0.086884  0.000000  0.155805 0.000000      0.337456    0.000000    0.071106  0.000000    0.168143  0.000000  0.260092 0.000000         0.216847       0.000000   1093.000000    0.000000     34.000000    0.000000
            0.8   LogReg      0.347826    0.000000    0.040921  0.000000  0.073227 0.000000      0.274037    0.000000    0.015524  0.000000    0.210812  0.000000  0.387932 0.000000         0.042239       0.000000   1125.000000    0.000000     90.000000    0.000000
            0.9     KATS      0.974359    0.000000    0.050711  0.001819  0.096400 0.003288      0.245389    0.003210    0.027373  0.001268    0.307647  0.003283  0.447209 0.004454         0.126033       0.001842   1424.000000   54.341513      2.000000    0.000000
            0.9 LightGBM      0.743590    0.000000    0.085294  0.000000  0.153034 0.000000      0.337435    0.000000    0.069803  0.000000    0.178260  0.000000  0.269537 0.000000         0.173987       0.000000    622.000000    0.000000     20.000000    0.000000
            0.9   LogReg      0.371795    0.000000    0.049488  0.000000  0.087349 0.000000      0.277000    0.000000    0.020697  0.000000    0.221139  0.000000  0.389743 0.000000         0.054211       0.000000    557.000000    0.000000     49.000000    0.000000

========================================================================
CALIBRATED ABLATION SUMMARY
   dataset      variant  RecallH_mean  RecallH_sd  PrecH_mean  PrecH_sd  F1H_mean   F1H_sd  MacroF1_mean  MacroF1_sd  Kappa_mean  Kappa_sd  Brier_mean  Brier_sd  ECE_mean   ECE_sd  PRAUC_High_mean  PRAUC_High_sd  Delta_RecallH  Delta_MacroF1  Delta_Kappa
CICIDS2017       T_Full      0.934365    0.003715    0.269620  0.007000  0.418438 0.008280      0.541140    0.009487    0.286496  0.010839    0.141646  0.003068  0.243620 0.009938         0.878850       0.009889       0.000000       0.000000     0.000000
CICIDS2017 T_NoAsymLoss      0.817666    0.011291    0.916748  0.019181  0.864224 0.008233      0.646530    0.006630    0.711439  0.006559    0.076546  0.001290  0.111542 0.006148         0.848649       0.005231      -0.116699       0.105390     0.424943
CICIDS2017  T_NoCalibNB      0.932818    0.004568    0.270878  0.006116  0.419812 0.007480      0.549739    0.015441    0.291401  0.012043    0.136631  0.004253  0.234295 0.009363         0.875189       0.010362      -0.001547       0.008599     0.004905
CICIDS2017    T_NoSMOTE      0.933075    0.004453    0.269157  0.005181  0.417778 0.006494      0.542765    0.012259    0.286208  0.009987    0.138178  0.005111  0.235610 0.011393         0.878106       0.013356      -0.001289       0.001624    -0.000289
CICIDS2017 T_NoStacking      0.998453    0.000978    0.991552  0.001806  0.994989 0.000578      0.995765    0.000836    0.994059  0.000812    0.001014  0.000106  0.001092 0.000214         0.999781       0.000182       0.064088       0.454625     0.707563
ITIncident       T_Full      0.942647    0.024608    0.042903  0.001388  0.082066 0.002546      0.219156    0.009508    0.036109  0.002848    0.305069  0.007070  0.447701 0.006132         0.162749       0.025553       0.000000       0.000000     0.000000
ITIncident T_NoAsymLoss      0.098529    0.027315    0.554597  0.102243  0.165842 0.039655      0.383787    0.014999    0.085453  0.022799    0.034251  0.000471  0.005322 0.000970         0.212856       0.032084      -0.844118       0.164632     0.049344
ITIncident  T_NoCalibNB      0.947059    0.015941    0.042110  0.001766  0.080629 0.003227      0.212693    0.013816    0.034542  0.004525    0.309940  0.007801  0.451251 0.007371         0.165797       0.026077       0.004412      -0.006463    -0.001567
ITIncident    T_NoSMOTE      0.958824    0.025788    0.040294  0.002153  0.077327 0.003921      0.190235    0.022169    0.030053  0.004677    0.313611  0.009434  0.454940 0.007119         0.233636       0.035870       0.016176      -0.028921    -0.006056
ITIncident T_NoStacking      0.769118    0.031882    0.069345  0.003385  0.127193 0.005754      0.249548    0.006603    0.047788  0.004312    0.322273  0.005033  0.388184 0.004374         0.176255       0.031010      -0.173529       0.030392     0.011679